Example data structure for KOBE
###################################################################################
# ID    group   choice      x1_1  x2_1  x3_1   xn_1 ... x1_2  x2_2  x3_2  xn_2    #
# --------------------------------------------------------------------------------#
# 1001    1       0         40    10    0.3    10       0     0     0     0       #
# 1001    1       1         20    15    0.6    20       0     0     0     0       #
# 1001    1       0         30    20    0.9    30       0     0     0     0       #
# 1001    2       1         30    15    0.6    20       0     0     0     0       #
# 1001    2       0         30    20    0.3    10       0     0     0     0       #
# 1001    2       0         40    10    0.9    30       0     0     0     0       #
# 1001    3       1         0     0     0      0        40    10    0.3   10      #     
# 1001    3       0         0     0     0      0        20    15    0.6   20      #     
# 1001    3       0         0     0     0      0        30    20    0.9   30      #      
# 1001    4       0         0     0     0      0        30    15    0.6   20      #      
# 1001    4       0         0     0     0      0        30    20    0.3   10      #     
# 1001    4       1         0     0     0      0        40    10    0.9   30      #      
# 1002    1       0         40    10    0.3    10       0     0     0     0       #
# 1002    1       1         20    15    0.6    20       0     0     0     0       #
# 1002    1       0         30    20    0.9    30       0     0     0     0       #
# 1002    2       1         30    15    0.6    20       0     0     0     0       #
# 1002    2       0         30    20    0.3    10       0     0     0     0       #
# 1002    2       0         40    10    0.9    30       0     0     0     0       #
# 1002    3       1         0     0     0      0        40    10    0.3   10      #        
# 1002    3       0         0     0     0      0        20    15    0.6   20      #        
# 1002    3       0         0     0     0      0        30    20    0.9   30      #         
# 1002    4       0         0     0     0      0        30    15    0.6   20      #      
# 1002    4       0         0     0     0      0        30    20    0.3   10      #     
# 1002    4       1         0     0     0      0        40    10    0.9   30      # 
# ...    ...     ...       ...   ...   ...    ...      ...   ...   ...    ...     #
###################################################################################